1000 25
804289384
-681692778
957747794
719885387
-596516650
25202363
783368691
44897764
365180541
304089173
35005212
294702568
336465783
-278722863
145174068
-101513930
315634023
369133070
59961394
628175012
131176230
-859484422
608413785
-734575199
149798316
129566414
412776092
911759957
137806863
982906997
511702306
937477085
-572660337
805750847
100661314
141616125
939819583
998898815
610515435
374344044
-477171088
945117277
780695789
491705404
752392755
53999933
411549677
-943947740
855636227
469348095
36140796
40651435
-317097468
-376710098
330573318
687926653
959997302
402724287
194953866
-364228445
221558441
-63958032
114738098
469834482
610120710
631704568
255179498
327254587
269455307
-352406220
160051529
112805733
-378409504
713258271
-409959709
373226341
-200747797
117142619
150122847
990892922
231192380
111537765
147469842
-911165194
142757035
-869470125
8936988
275373744
350322228
960709860
771151433
244316438
-476153276
-139901475
653468859
239036030
605908236
76065819
-789366144
875335929
-103318777
939964444
432114614
352118607
-909002905
395235129
-351797370
504569918
706043325
159259471
480298491
96689773
601385645
544617506
12502955
27907670
722308543
-933110198
-740759356
-789376349
450573623
34949300
529195747
-335354341
-889023312
-447267606
745425662
-308044879
569229321
590079445
977648523
-402586709
143408283
559412925
-473442063
238962601
238433453
431419380
665947469
707900974
113903882
776808934
404158661
58657200
642548900
260152960
824272814
25187191
850952927
704365085
638422091
953443377
-69755937
349517446
-856669180
-995706888
65103349
-387451660
-562402337
295166343
-799878207
382697714
70575322
296864820
-697517722
-950955940
797073941
65311706
846811128
307565985
-324763921
231602423
780821397
711645631
917679293
253207673
414647626
46741223
896306641
-111783899
197352299
782280525
524688210
566288820
114937733
-927495995
882160380
682085274
630668851
858721861
105575580
-118421994
452867622
-857962505
213801962
648031327
-737518945
-110613203
-982936785
486222843
255789529
-242608873
277849959
-653448037
23457754
309383304
329132134
501772891
150517568
983690369
34514501
775473789
767066250
739273304
415505364
552910254
344247687
661761153
425245976
235649158
679895437
-430253415
-677870461
496060029
144278051
-192707557
816504795
655858700
-559301040
-186090429
473144501
498617648
387036160
144522536
328104340
113502216
777720505
722060050
328298286
136495344
-402903178
503885239
2416950
655495368
407392293
389040744
433102830
402961683
900553542
337453827
780172262
-941690361
847228024
-866000082
586903191
500618997
184214678
61730691
16764525
748349615
411328206
9726313
877565101
369602727
665204917
564325579
10528947
708302648
874799052
885799632
281830858
156541313
243439215
505193513
788014413
241909611
95966190
748806356
369356621
309198988
530498339
37487771
-232056857
251300607
25125850
126107206
-376035218
478034946
353436874
584710874
941804290
45826608
-930772758
716334472
470591101
39723619
899058026
394633075
675518158
943003494
635550271
712633418
204275570
336092623
26413174
404196432
452456683
858504293
-802205058
388391522
452888575
126401948
-210359232
40610538
19485055
291554099
-905241082
-371653517
47372232
-372261797
333582339
-894519219
931513971
21784813
32894978
-859031537
543324177
395279208
358984858
-344593500
272020128
33505237
-345367819
991810564
-965421245
319041806
845563292
-937558956
524133590
-215828994
74552806
747844823
765326718
76593094
431530127
502781487
909850544
-733327815
646478180
500474763
-941727089
615935711
-738110295
269400347
217871138
524305154
265122574
910300926
-120306711
7277218
260596964
255387091
-751378131
130698572
566369634
567304790
155722605
419806
-441767869
-861109486
460082196
-952062950
510080968
460686764
554290597
34740866
830539037
-690367771
131359212
537322533
-157272380
910858271
140384173
59344235
738647284
94307399
10901064
628966951
-761250574
-3886060
-410134048
982945083
-181271233
527622955
199411899
862875641
22089160
669679263
242561042
-597141724
-207026273
32454155
590335822
738909366
603591172
-372160270
-633938702
106914654
733450908
-980356729
-404515798
-289547085
174515335
294110992
-245798899
250801053
435218190
-670752507
-649709017
82173110
857490001
972058110
-661955082
11671339
271059427
-180785148
687776788
-954696533
134591282
131884851
992576591
833215351
370973814
158381495
-766146082
979015721
694887983
-820097488
735079297
-604765405
823796893
534230298
108399135
-78898507
-442767058
623380596
298501963
420687484
813080155
395191310
672139933
907895022
30313564
-428903683
412277686
476564286
671735991
305197315
-204754117
875641893
447395529
787897526
660651137
267889619
640170338
-610506583
889804311
384370889
951426816
390543438
-699460009
304811784
730418658
856363828
846621270
287726652
936060911
892430640
-989241889
627992394
528433891
646755200
609416932
43388778
844400658
-629580953
6072642
620089369
396918185
-376696777
60975267
242588955
445080309
151297279
372556
916250775
870305001
799560998
446648413
-745598383
981914694
539942440
162088422
576994986
489001355
507578763
-470631542
104561853
737703663
-202550400
887665155
-119399016
386839852
942724791
466942492
829570038
916018860
289360872
234576988
342146591
672563971
-978587666
-599893070
58907362
-44041352
-928189301
85291639
394709365
671581033
158136105
878273680
292413413
209734970
724916171
153162845
-20406650
-769304466
968922327
934660184
411826970
-994320153
762924394
-92637290
404259632
347584265
607774549
-550101878
872666834
186994950
56665156
369678469
18400961
781098824
213213172
720185678
399493246
817572762
499150324
25084101
379461076
-318322043
-451042660
592456290
333293470
478841552
-972125384
172063134
840019305
830365982
-373953667
-530788968
970090193
788380903
-111088132
-77683175
-38649719
330301184
116945488
518434574
554725063
692713934
-698312497
369893142
522971727
296596981
455843486
670372306
28264030
600206899
-124734563
482417720
-926411642
505593011
587992727
198628790
-21303709
374600939
461152494
-962980711
649785906
881049614
86963639
384079422
715207830
107096181
367209096
855843025
254749155
42010570
-237979970
690492374
984498434
683932588
514620095
282291500
759007340
122551743
-272312087
-666231350
195950187
532495012
67874134
561812723
454806774
17881520
549495355
657103125
331016260
684677419
692981713
-862558706
835342734
-2992735
196774316
947691088
100670
-660916488
573556838
-390598090
531585206
-573666705
674402558
-172623404
-424321893
-703571523
529302444
274325362
256273379
177332701
651574883
550804900
310242590
719650354
286966949
-912163037
76277108
604665418
-569115922
756098481
487105995
815774124
730832934
-86086318
-219933932
145186710
-240959157
228217070
-907712996
435001172
763148570
718264802
538026653
590105341
805251744
805613092
510906528
-13798879
564003051
81362125
363304214
360478500
775056795
155465116
389079343
582482438
642663199
-844169940
181226514
992865129
485511805
131352347
124898139
943190496
245036422
30387227
956134159
65120357
832077646
118993447
663568112
78417604
707255826
44470217
209379175
874960597
540846268
396342014
3980520
912194651
69117833
562390280
185963954
608959296
848096108
91714938
281944977
-375444585
-92720084
-730199493
309766497
702022940
-316505736
-221389874
-142930165
127052252
928682752
-89816340
316953166
132688303
131761080
-234262548
99568485
-107939562
29621932
199420529
-295815495
42517544
704841124
637840188
102524644
764851989
306851321
145854099
110993019
493886464
-60494696
508976506
337856143
204868099
307571473
559382854
10764798
68224548
570840517
268409913
-175989878
704572554
-592962933
959162036
686518108
946710050
-33713862
-759592335
777635326
591564429
73781764
541110116
-457880382
505185186
20432101
554602409
-659373350
384295880
-814634317
808808586
649022766
953197931
-916237893
54306630
-234799753
-631596367
354367396
245644429
-487073848
-693485027
376941063
408960630
-212295101
-993683398
989230776
233114545
263043321
173506519
456651795
578187135
578716909
-33063
87522687
597848433
-701539808
934618835
-244453597
819827985
989352325
336194466
468519717
321869344
460654188
763360603
575705361
-461273880
256363942
940022925
-412017136
918483163
386753871
44554164
-49197812
940472516
382926235
574682291
551008694
435525340
391927495
781485214
245466383
-974571476
409098739
845716952
10014812
787189169
322334814
880492500
-253674536
115115465
-950148347
340563073
-438865741
217852624
680007058
503458794
-94613282
279820115
-97657372
29860597
594769884
209473568
353825801
141153675
763447434
96617458
503615950
919785524
65785293
478307630
-989492336
523782141
312313044
292850340
634172026
75191654
-992277053
-998562958
374631288
-806119541
953534827
556707206
192433879
104665170
466647228
4011521
564739222
-245277884
-183912268
992055383
713355512
899542554
204428609
904251769
595371199
569654969
318141010
711089504
455371255
768794058
251243824
230674397
5631943
-398068013
866596856
860144855
162403135
138101282
-215341974
945891639
310273414
-64651900
346941485
991505662
296528781
-429363924
-238138001
216272001
-988506953
-285830505
856979760
287572526
758179118
386214637
173059561
636750615
405201938
-964263749
-182176621
-259488864
421101833
26478005
201407459
-755526128
709606369
897534570
39848342
438485375
-315813606
624064902
861838990
824722491
667250733
-871700700
597272001
33165458
820042349
-530130018
7426170
63880570
179529129
136135019
999038586
869921281
251836755
656241708
459834401
233233022
-122466789
681545191
88639635
443145326
626870462
782648143
963964192
-203845521
512976555
215387143
-914600931
531900035
284327309
-132629781
-374138645
576279546
470796523
921376926
-825051736
320634493
42830297
791251531
654844050
855320513
335077590
384868449
8532429
268632558
957426577
-889537798
767125140
-680687006
428674783
502390524
-524135237
410681418
631340354
278792725
49546351
159037711
57337243
-339335165
-460674642
63762112
861746411
-602182791
124149956
571825917
442482782
-511583959
749757807
-386099902
976714675
372315266
504038567
115917670
75259135
