100 40
1000
1000
-999999999
1000
1000
-999999999
1000
1000
-999999999
1000
1000
-999999999
1000
1000
-999999999
1000
1000
-999999999
1000
1000
-999999999
1000
1000
-999999999
1000
1000
-999999999
1000
1000
-999999999
1000
1000
-999999999
1000
1000
-999999999
1000
1000
-999999999
1000
1000
-999999999
1000
1000
-999999999
1000
1000
-999999999
1000
1000
-999999999
1000
1000
-999999999
1000
1000
-999999999
1000
1000
-999999999
1000
1000
-999999999
1000
1000
-999999999
1000
1000
-999999999
1000
1000
-999999999
1000
1000
-999999999
1000
1000
-999999999
1000
1000
-999999999
1000
1000
-999999999
1000
1000
-999999999
1000
1000
-999999999
1000
1000
-999999999
1000
1000
-999999999
1000
1000
-999999999
-999999999
