100 5
-1540
-1281
1932
1336
1276
-1011
-1167
1545
1399
-1135
-1915
-1862
-1690
-1886
-1926
1368
-1091
-1123
-1873
1586
-1362
-1736
-1567
1739
-1315
-1537
1012
-1530
1539
-1777
-1324
-1172
-1996
1729
-1492
1367
1754
1846
1403
-1027
1582
-1429
-1980
1084
1305
-1782
-1862
1364
1788
-1211
-1383
1094
1043
-1373
1857
1676
1814
-1386
-1413
-1393
1895
1087
1808
-1058
1226
-1426
1124
-1069
-1042
-1170
1434
-1526
-1022
-1421
1651
-1335
1925
1178
-1229
1313
-1368
-1421
-1456
1584
-1956
1060
-1198
-1763
1327
-1370
-1929
-1649
1505
-1067
-1802
-1059
-1793
1750
-1784
-1919
