2000 50
804289384
681692778
957747794
719885387
596516650
25202363
783368691
44897764
365180541
304089173
35005212
294702568
336465783
278722863
145174068
-101513930
315634023
369133070
59961394
628175012
131176230
859484422
608413785
734575199
149798316
129566414
412776092
911759957
137806863
982906997
511702306
937477085
-572660337
805750847
100661314
141616125
939819583
998898815
610515435
374344044
-477171088
945117277
780695789
491705404
752392755
53999933
411549677
-943947740
855636227
469348095
36140796
40651435
-317097468
-376710098
330573318
687926653
959997302
402724287
194953866
364228445
221558441
63958032
114738098
469834482
610120710
631704568
255179498
327254587
269455307
352406220
160051529
112805733
378409504
713258271
409959709
373226341
200747797
117142619
150122847
990892922
231192380
111537765
147469842
-911165194
142757035
-869470125
8936988
275373744
350322228
960709860
771151433
244316438
-476153276
139901475
653468859
239036030
605908236
76065819
-789366144
875335929
-103318777
939964444
432114614
352118607
909002905
395235129
351797370
504569918
706043325
159259471
480298491
96689773
601385645
544617506
12502955
27907670
722308543
-933110198
-740759356
-789376349
450573623
34949300
529195747
335354341
-889023312
-447267606
745425662
-308044879
569229321
590079445
977648523
402586709
143408283
559412925
473442063
238962601
238433453
431419380
665947469
707900974
113903882
776808934
404158661
58657200
642548900
260152960
824272814
25187191
850952927
704365085
638422091
953443377
-69755937
349517446
856669180
-995706888
65103349
-387451660
-562402337
295166343
-799878207
382697714
70575322
296864820
-697517722
-950955940
797073941
65311706
846811128
307565985
324763921
231602423
780821397
711645631
917679293
253207673
414647626
46741223
896306641
-111783899
197352299
782280525
524688210
566288820
114937733
-927495995
882160380
682085274
630668851
858721861
105575580
-118421994
452867622
-857962505
213801962
648031327
-737518945
-110613203
982936785
486222843
255789529
-242608873
277849959
-653448037
23457754
309383304
329132134
501772891
150517568
983690369
34514501
775473789
767066250
739273304
415505364
552910254
344247687
661761153
425245976
235649158
679895437
430253415
-677870461
496060029
144278051
-192707557
816504795
655858700
-559301040
-186090429
473144501
498617648
387036160
144522536
328104340
113502216
777720505
722060050
328298286
136495344
-402903178
503885239
2416950
655495368
407392293
389040744
433102830
402961683
900553542
337453827
780172262
941690361
847228024
-866000082
586903191
500618997
184214678
61730691
16764525
748349615
411328206
9726313
877565101
369602727
665204917
564325579
10528947
708302648
874799052
885799632
281830858
156541313
243439215
505193513
788014413
241909611
95966190
748806356
369356621
309198988
530498339
37487771
232056857
251300607
25125850
126107206
376035218
478034946
353436874
584710874
941804290
45826608
-930772758
716334472
470591101
39723619
899058026
394633075
675518158
943003494
635550271
712633418
204275570
336092623
26413174
404196432
452456683
858504293
802205058
388391522
452888575
126401948
210359232
40610538
19485055
291554099
905241082
-371653517
47372232
-372261797
333582339
894519219
931513971
21784813
32894978
-859031537
543324177
395279208
358984858
-344593500
272020128
33505237
-345367819
991810564
-965421245
319041806
845563292
-937558956
524133590
215828994
74552806
747844823
765326718
76593094
431530127
502781487
909850544
-733327815
646478180
500474763
941727089
615935711
738110295
269400347
217871138
524305154
265122574
910300926
120306711
7277218
260596964
255387091
-751378131
130698572
566369634
567304790
155722605
419806
-441767869
-861109486
460082196
952062950
510080968
460686764
554290597
34740866
830539037
690367771
131359212
537322533
157272380
910858271
140384173
59344235
738647284
94307399
10901064
628966951
-761250574
3886060
410134048
982945083
-181271233
527622955
199411899
862875641
22089160
669679263
242561042
597141724
207026273
32454155
590335822
738909366
603591172
372160270
-633938702
106914654
733450908
-980356729
404515798
-289547085
174515335
294110992
245798899
250801053
435218190
-670752507
649709017
82173110
857490001
972058110
-661955082
11671339
271059427
180785148
687776788
954696533
134591282
131884851
992576591
833215351
370973814
158381495
-766146082
979015721
694887983
820097488
735079297
604765405
823796893
534230298
108399135
78898507
-442767058
623380596
298501963
420687484
813080155
395191310
672139933
907895022
30313564
-428903683
412277686
476564286
671735991
305197315
204754117
875641893
447395529
787897526
660651137
267889619
640170338
610506583
889804311
384370889
951426816
390543438
699460009
304811784
730418658
856363828
846621270
287726652
936060911
892430640
-989241889
627992394
528433891
646755200
609416932
43388778
844400658
629580953
6072642
620089369
396918185
-376696777
60975267
242588955
445080309
151297279
372556
916250775
870305001
799560998
446648413
745598383
981914694
539942440
162088422
576994986
489001355
507578763
470631542
104561853
737703663
202550400
887665155
-119399016
386839852
942724791
466942492
829570038
916018860
289360872
234576988
342146591
672563971
-978587666
599893070
58907362
-44041352
-928189301
85291639
394709365
671581033
158136105
878273680
292413413
209734970
724916171
153162845
-20406650
-769304466
968922327
934660184
411826970
994320153
762924394
-92637290
404259632
347584265
607774549
-550101878
872666834
186994950
56665156
369678469
18400961
781098824
213213172
720185678
399493246
817572762
499150324
25084101
379461076
318322043
451042660
592456290
333293470
478841552
972125384
172063134
840019305
830365982
-373953667
-530788968
970090193
788380903
-111088132
-77683175
38649719
330301184
116945488
518434574
554725063
692713934
698312497
369893142
522971727
296596981
455843486
670372306
28264030
600206899
124734563
482417720
-926411642
505593011
587992727
198628790
21303709
374600939
461152494
962980711
649785906
881049614
86963639
384079422
715207830
107096181
367209096
855843025
254749155
42010570
-237979970
690492374
984498434
683932588
514620095
282291500
759007340
122551743
272312087
666231350
195950187
532495012
67874134
561812723
454806774
17881520
549495355
657103125
331016260
684677419
692981713
-862558706
835342734
2992735
196774316
947691088
100670
-660916488
573556838
-390598090
531585206
-573666705
674402558
172623404
424321893
-703571523
529302444
274325362
256273379
177332701
651574883
550804900
310242590
719650354
286966949
-912163037
76277108
604665418
569115922
756098481
487105995
815774124
730832934
-86086318
219933932
145186710
-240959157
228217070
907712996
435001172
763148570
718264802
538026653
590105341
805251744
805613092
510906528
-13798879
564003051
81362125
363304214
360478500
775056795
155465116
389079343
582482438
642663199
-844169940
181226514
992865129
485511805
131352347
124898139
943190496
245036422
30387227
956134159
65120357
832077646
118993447
663568112
78417604
707255826
44470217
209379175
874960597
540846268
396342014
3980520
912194651
69117833
562390280
185963954
608959296
848096108
91714938
281944977
-375444585
-92720084
-730199493
309766497
702022940
-316505736
-221389874
142930165
127052252
928682752
-89816340
316953166
132688303
131761080
-234262548
99568485
107939562
29621932
199420529
295815495
42517544
704841124
637840188
102524644
764851989
306851321
145854099
110993019
493886464
-60494696
508976506
337856143
204868099
307571473
559382854
10764798
68224548
570840517
268409913
-175989878
704572554
-592962933
959162036
686518108
946710050
-33713862
-759592335
777635326
591564429
73781764
541110116
-457880382
505185186
20432101
554602409
-659373350
384295880
-814634317
808808586
649022766
953197931
916237893
54306630
-234799753
631596367
354367396
245644429
-487073848
-693485027
376941063
408960630
-212295101
993683398
989230776
233114545
263043321
173506519
456651795
578187135
578716909
-33063
87522687
597848433
-701539808
934618835
244453597
819827985
989352325
336194466
468519717
321869344
460654188
763360603
575705361
461273880
256363942
940022925
-412017136
918483163
386753871
44554164
-49197812
940472516
382926235
574682291
551008694
435525340
391927495
781485214
245466383
974571476
409098739
845716952
10014812
787189169
322334814
880492500
-253674536
115115465
-950148347
340563073
-438865741
217852624
680007058
503458794
94613282
279820115
97657372
29860597
594769884
209473568
353825801
141153675
763447434
96617458
503615950
919785524
65785293
478307630
989492336
523782141
312313044
292850340
634172026
75191654
992277053
-998562958
374631288
806119541
953534827
556707206
192433879
104665170
466647228
4011521
564739222
245277884
183912268
992055383
713355512
899542554
204428609
904251769
595371199
569654969
318141010
711089504
455371255
768794058
251243824
230674397
5631943
-398068013
866596856
860144855
162403135
138101282
-215341974
945891639
310273414
64651900
346941485
991505662
296528781
-429363924
238138001
216272001
-988506953
-285830505
856979760
287572526
758179118
386214637
173059561
636750615
405201938
964263749
-182176621
-259488864
421101833
26478005
201407459
-755526128
709606369
897534570
39848342
438485375
-315813606
624064902
861838990
824722491
667250733
-871700700
597272001
33165458
820042349
-530130018
7426170
63880570
179529129
136135019
999038586
869921281
251836755
656241708
459834401
233233022
122466789
681545191
88639635
443145326
626870462
782648143
963964192
203845521
512976555
215387143
914600931
531900035
284327309
-132629781
-374138645
576279546
470796523
921376926
-825051736
320634493
42830297
791251531
654844050
855320513
335077590
384868449
8532429
268632558
957426577
889537798
767125140
-680687006
428674783
502390524
524135237
410681418
631340354
278792725
49546351
159037711
57337243
339335165
460674642
63762112
861746411
-602182791
124149956
571825917
442482782
511583959
749757807
-386099902
976714675
372315266
504038567
115917670
75259135
184794537
915736907
659067698
906889261
111387571
249152987
141413009
609946278
510770137
427778694
445834947
-266795368
135787097
202019541
184726096
559473951
-665728803
470593631
105210526
291079691
966071162
752327935
84384796
760481136
279527352
344541321
297785901
396028862
-234686975
537794115
727843429
641450053
277511626
-423401434
194559278
304352950
107230152
120630961
123987800
-639286230
774404629
981393800
-447680590
358279877
680503767
954296985
698374760
654435777
-560307072
-63641239
644834685
620529491
129707776
943679782
327305251
362243429
271826265
26416759
278608945
-254390770
-133286978
219976258
656951143
660064473
-804765596
677157266
-944216250
54181468
-891363559
32652303
285859964
172895039
296082015
129709434
584008431
-533803670
297820660
-401473496
480708314
877062719
637760030
440106893
-556939444
360933008
197182314
372004514
346030097
-893244857
596727700
216803070
112087196
750547890
209419370
217196009
66075705
680634296
353511415
138328365
320062252
211270211
450395739
852803194
-980690627
438537946
326551395
610670807
110980457
701062796
-218272785
863043861
865033883
840700574
516935696
981512506
35839367
-206758864
-628573791
135177291
363159162
39199094
81572602
-128349145
568637652
217985589
452703448
923775276
-477223957
241315330
301053843
683673950
268126902
675644665
655027573
210997812
237053543
560413641
457615860
-68728259
223207429
665680298
367743295
846164557
58964126
691643254
162824072
401943881
970782720
32684368
593443204
349029730
198911787
854155595
303238859
535297509
-209597699
54873514
642949731
-127340948
-693550659
619480879
899334108
139842054
804046008
-53476176
-121241303
80502309
-164465627
829197087
710058107
-846667124
417988752
202029502
507611411
320401393
871001
-910053151
813823382
622838288
927454329
867874952
931336719
73881424
735551515
416023183
972605808
-70298130
16747295
156565745
601698079
578037127
269365761
502774187
243018185
553574883
506959640
924200849
222343445
-386615056
606193486
108537284
-770361247
674426556
-451163043
16499951
160475790
507946551
787660057
365547043
841365915
906183459
193088110
639138265
533499282
78359217
533424261
-423524764
218248264
-943410400
-781459971
-574788778
259480130
76810013
945972418
930334780
361478980
988180238
371935248
822514996
-358104525
750160000
-87770712
47830644
976668785
-827946633
656184097
405097219
190503442
-815320764
924264287
628846895
139722836
545343059
949378338
-122125316
-121248618
51527999
751002781
220071007
943116036
190833024
155785753
367480710
930353826
187797757
-486006072
-845394081
138704486
137386990
611111545
100598389
984313971
-793895842
104001380
168021019
914500839
351450251
954784285
121608489
606765136
-444788925
831083599
718500114
385952848
615419963
-820432111
434457258
573177441
97611887
-94836300
281845290
624486947
637172785
204742851
169442044
920703869
904279193
609446677
426608254
36215464
697496620
463079270
-218942710
65339681
418468233
582187501
874545821
186125414
638462030
123016229
202376251
127167745
353056619
286983805
437046648
674209440
-32363194
971529849
26061771
420376851
49561860
849876230
61755149
140858989
426869907
-213153955
865144370
440934304
-929452471
850382212
-903633727
58591441
366913065
892335527
66990817
542537542
167793079
745693060
280931766
929765405
855459968
42080533
335757409
791321677
63449295
189258052
871328243
-608112645
277970781
483732494
665676899
19063329
123716510
63018203
356341139
817482650
840735669
637438147
47610721
-146735659
775496415
783175740
436359555
737582316
596769258
-764324636
952617547
948432484
400660704
186015034
561783349
821319301
715577217
136561150
740033622
726764304
324323222
14871044
-753744778
327529463
678800871
317992894
875242062
560268825
982908767
885420960
602297894
-504760187
18014058
81063047
-777134496
978610418
-22800097
862140493
-450967524
979575261
-134040404
613703164
269026235
990217935
625288550
501659819
-434895505
-397977905
-500257693
915989945
991901005
-231366257
593114527
643762328
135693055
-26366797
-625938446
984048627
-371591003
999416033
-554938158
76982347
212528561
147775928
806517554
990178441
810882585
-665636011
20084149
300595514
785252278
130543364
524581325
158671755
793891255
893051879
364196343
-43695778
-297510828
289511155
255237576
754963291
-206266995
322633624
582513991
234644697
-655224150
483989694
184812755
928494152
653265588
32566125
-496612960
446703184
267733607
898152168
-720936637
294124047
926231110
6071126
92503158
581544071
310936586
632565484
560711565
-179486053
87638369
83955433
140830431
230891467
119389305
784051572
487191795
472562276
-547449639
627200708
571865574
945229158
126794894
231067851
-843886979
753999961
475122432
368293027
73646712
24516899
580744478
738394661
591776791
186391880
542106688
-336728280
22337364
-701807125
712268429
689155067
195945230
192713459
133626772
139536874
12707330
105342204
677654946
366420783
759726504
113690869
-366405248
120838156
584892937
242907572
460552959
558349477
227734018
180082200
164585771
126183328
336189197
475777611
780295099
988308583
-395011054
399403848
109967655
855191615
47919987
697054661
735194529
17487484
858983423
29322038
369705108
905894997
-239547248
424771150
76387351
-117413003
72628239
85331056
889575206
729972836
596170912
298484489
534947984
146810337
218574359
122533303
184154092
146690121
115133609
148576389
542090058
662919362
782806241
649830541
246322142
314909342
659347224
26374845
781882153
-293259317
54350260
441252328
-1769973
514722041
716952775
308424539
781804172
726277480
424627020
-942024562
608427747
218474918
722844084
314586529
270551296
210215451
728671167
415922257
944442930
847344719
-298975430
-772954888
979629508
350422716
727856738
780238391
-254413883
456575806
96079423
39533258
-84040882
544048624
753732837
248185890
-743131528
64604174
-103816216
975402909
41824131
45251305
175821957
810998056
-529235707
112526509
743768898
844462198
401808473
345554530
53514404
411266132
541787378
543785592
18462070
286598371
550046829
387516124
862372073
8620976
23637095
869439260
-273207250
300248474
-807444982
535589736
92059773
-362638021
-127758875
984483446
130644816
911539848
307964194
259076781
-55119205
414460397
-241361592
846162290
702833818
894617268
644730117
76270888
82095573
75669742
50365224
208591743
36267706
861701683
-124220264
219600868
93508922
258095766
-622993625
554472059
955701521
688622592
731812680
42254229
908835091
-23762698
883109860
140210353
57518733
968642167
827723201
213594815
527337002
961135339
280981338
328674419
817213074
-689630846
487223194
67966708
-554841747
-207774950
29116549
62361874
54930040
268374277
924279778
508918065
806176023
306980109
838177152
176356570
357984241
909448682
302905193
93782070
921661147
148214897
354575024
-37412976
-94097162
997191006
640272696
322510070
681195177
386122430
117661056
879795258
280982767
173369082
-619175680
294151250
126257225
344130873
652942917
742853662
539847452
765417017
951186441
331601569
422449967
4270297
-132719349
868272670
378342197
702622778
13825606
390871054
439140173
473431430
116545773
691639519
661362462
-394062427
250016324
97446871
148420697
65093663
690815425
399874864
827524436
919191848
-951788019
833949223
-45064826
188043984
-228698448
-375552879
-189256388
355126163
347795652
964255352
259322903
629872744
667748051
871812299
837277951
41655230
-953583399
32510513
888017809
717807879
-952754350
6777164
568008765
286316152
666992710
-264537115
-984953221
728970291
629190169
490108
96819440
108050441
-622782494
606600118
66148152
480032909
122801456
865945942
553746102
311647340
255349947
852087127
175627017
745520790
886872711
-123801656
345705291
591644043
-929962104
-184320789
80201212
572561812
856196472
598845592
443286197
335714088
339193737
791455663
-473891335
172154290
840536405
49488898
85357097
7245830
396926157
716462159
708436666
532646387
580048075
827092062
-41984909
574486767
55640067
-748515750
460467936
742811798
69142335
339762387
990982691
22334983
391091186
865036215
732853815
516677341
381690931
41268865
211608255
509887187
686730763
649296073
31589326
300719390
741957621
-107747443
987489993
973365510
573912270
330625381
941117028
-472184325
43588475
451516500
981725171
227477753
924839326
668170983
973914399
909676664
609372148
153845033
852539235
-680476022
818128617
585733939
563436827
787086306
423887804
567254733
905039196
926585259
376539013
638823524
416162965
771358133
123473349
179946308
904930059
254980438
576556434
187337024
751148991
599534912
65542486
285682473
666554832
505492906
512056676
98579959
397849320
658787455
500173961
349851602
551672442
833195398
445546414
120738487
847472102
76764903
592095746
441145324
427231457
6777126
943471009
720024123
532844231
715159347
70061691
143154914
-522359338
749963008
849399084
17117508
-443491244
167434827
308846136
146753919
555218378
675365724
963920831
-545042418
626717775
234815956
30245416
171029950
354321180
-373026857
644210802
605624151
189059477
-828321739
-381639127
233983203
833639404
140579594
-9771476
-999357999
-798340128
38301419
464661175
233706648
-130324324
875218968
849394219
419786227
106418447
536359306
75699973
129947780
384724138
264448665
808665737
736017567
203013322
140624110
983650353
339173202
981064261
446058857
400267991
721428526
113953047
699776713
733163044
656541450
952768217
-217415498
889829482
925988872
580268400
465550002
-293460091
-382926132
724148076
810015534
-694830071
336135206
346780947
555985192
718152761
902863874
838549459
137387634
926228786
378770798
835022191
922932289
501560354
108039335
987359760
202640846
7047984
48522002
427204320
286289271
522066538
668794410
161948867
-794027640
427107604
299707541
869635588
243128426
-233530953
449420722
974255333
608113245
43353970
335132245
-113658791
468431722
663091010
848857676
648440877
618250232
520716455
190194626
-845630305
614064336
489523516
5084673
568062976
297598515
269833164
934491587
-106668625
19217282
-392665790
447315862
215992975
821687850
836040216
