[0 500000000000000]
[0 250000000000000]
[0 125000000000000]
[0 62500000000000]
[0 31250000000000]
[0 15625000000000]
[0 7812500000000]
[0 3906250000000]
[0 1953125000000]
[0 976562500000]
[0 488281250000]
[0 244140625000]
[0 122070312500]
[0 61035156250]
[0 30517578125]
[0 15258789062]
[0 7629394531]
[0 3814697265]
[0 1907348632]
[0 953674316]
[0 476837158]
[0 238418579]
[0 119209289]
[0 59604644]
[0 29802322]
[0 14901161]
[0 7450580]
[0 3725290]
[0 1862645]
[0 931322]
[0 465661]
[0 232830]
[0 116415]
[0 58207]
[0 29103]
[0 14551]
[0 7275]
[0 3637]
[0 1818]
[0 909]
[0 454]
[0 227]
[0 113]
[0 56]
[0 28]
[15 28]
[22 28]
[26 28]
[28 28]
28 [0 500000000000000]
[0 250000000000000]
[0 125000000000000]
[0 62500000000000]
[0 31250000000000]
[0 15625000000000]
[0 7812500000000]
[0 3906250000000]
[0 1953125000000]
[0 976562500000]
[0 488281250000]
[0 244140625000]
[0 122070312500]
[0 61035156250]
[0 30517578125]
[0 15258789062]
[0 7629394531]
[0 3814697265]
[0 1907348632]
[0 953674316]
[0 476837158]
[0 238418579]
[0 119209289]
[0 59604644]
[0 29802322]
[0 14901161]
[0 7450580]
[0 3725290]
[0 1862645]
[0 931322]
[0 465661]
[0 232830]
[0 116415]
[0 58207]
[0 29103]
[0 14551]
[0 7275]
[0 3637]
[0 1818]
[0 909]
[0 454]
[0 227]
[0 113]
[0 56]
[29 56]
[43 56]
[50 56]
[54 56]
[56 56]
55